Digite o valor desejado para 'N'
20 800
Digite o valor desejado para 'M'
dx = 0.05
dt = 0.00125
O lambda para as condicoes escolhidas e' : 0.5

Tempo: 0.09875

0 6.95302e-310
0.05 285.403
0.1 575.284
0.15 864.781
0.2 1167.07
0.25 1468.52
0.3 1299.26
0.35 1129.11
0.4 983.091
0.45 836.5
0.5 715.931
0.55 595.003
0.6 499.156
0.65 403.092
0.7 328.787
0.75 254.357
0.8 196.594
0.85 138.763
0.9 91.3491
0.95 43.9059
1 4.94066e-323



Tempo: 0.19875

0 6.95302e-310
0.05 327.313
0.1 655.649
0.15 982.957
0.2 1313.15
0.25 1641.21
0.3 1513.48
0.35 1383.38
0.4 1259.96
0.45 1134.78
0.5 1017.74
0.55 899.437
0.6 789.671
0.65 679.009
0.7 576.261
0.75 472.908
0.8 375.932
0.85 278.584
0.9 185.364
0.95 91.9685
1 4.94066e-323



Tempo: 0.29875

0 6.95302e-310
0.05 319.585
0.1 638.87
0.15 956.416
0.2 1272.97
0.25 1585.97
0.3 1487.02
0.35 1384.06
0.4 1280.78
0.45 1174.36
0.5 1068.77
0.55 960.792
0.6 854.307
0.65 746.047
0.7 639.503
0.75 531.707
0.8 425.451
0.85 318.398
0.9 212.399
0.95 106.013
1 4.94066e-323



Tempo: 0.39875

0 6.95302e-310
0.05 284.996
0.1 568.968
0.15 850.465
0.2 1128.83
0.25 1402.18
0.3 1330.12
0.35 1252.34
0.4 1170.62
0.45 1084.32
0.5 995.272
0.55 902.624
0.6 808.15
0.65 710.943
0.7 612.595
0.75 512.282
0.8 411.309
0.85 309.067
0.9 206.493
0.95 103.296
1 4.94066e-323



Tempo: 0.49875

0 6.95302e-310
0.05 231.021
0.1 460.515
0.15 686.788
0.2 908.434
0.25 1123.56
0.3 1080.83
0.35 1030.64
0.4 974.156
0.45 911.6
0.5 844.103
0.55 771.776
0.6 695.681
0.65 615.871
0.7 533.307
0.75 448.043
0.8 360.909
0.85 272.015
0.9 182.04
0.95 91.1969
1 4.94066e-323



Tempo: 0.59875

0 6.95302e-310
0.05 160.419
0.1 318.888
0.15 473.388
0.2 621.997
0.25 762.593
0.3 753.236
0.35 734.678
0.4 707.922
0.45 673.603
0.5 632.665
0.55 585.654
0.6 533.447
0.65 476.53
0.7 415.711
0.75 351.447
0.8 284.472
0.85 215.241
0.9 144.413
0.95 72.47
1 4.94066e-323



Tempo: 0.69875

0 6.95302e-310
0.05 74.2133
0.1 146.083
0.15 213.236
0.2 273.319
0.25 323.893
0.3 352.557
0.35 370.271
0.4 378.062
0.45 376.792
0.5 367.415
0.55 350.718
0.6 327.587
0.65 298.748
0.7 265.032
0.75 227.122
0.8 185.794
0.85 141.713
0.9 95.6083
0.95 48.1391
1 4.94066e-323



Tempo: 0.79875

0 6.95302e-310
0.05 -27.2168
0.1 -57.1586
0.15 -92.5678
0.2 -136.19
0.25 -190.822
0.3 -119.268
0.35 -60.4126
0.4 -13.1439
0.45 23.5649
0.5 50.7507
0.55 69.3657
0.6 80.3811
0.65 84.6898
0.7 83.2074
0.75 76.7824
0.8 66.2852
0.85 52.5346
0.9 36.3664
0.95 18.584
1 4.94066e-323



Tempo: 0.89875

0 6.95302e-310
0.05 -143.73
0.1 -290.563
0.15 -443.613
0.2 -606.008
0.25 -780.912
0.3 -661.517
0.35 -556.57
0.4 -464.849
0.45 -385.187
0.5 -316.439
0.55 -257.512
0.6 -207.324
0.65 -164.843
0.7 -129.042
0.75 -98.933
0.8 -73.5326
0.85 -51.8853
0.9 -33.0378
0.95 -16.0544
1 4.94066e-323



Tempo: 0.99875

0 6.95302e-310
0.05 -275.274
0.1 -554.027
0.15 -839.747
0.2 -1135.94
0.25 -1446.14
0.3 -1273.92
0.35 -1117.9
0.4 -976.74
0.45 -849.135
0.5 -733.824
0.55 -629.584
0.6 -535.215
0.65 -449.552
0.7 -371.449
0.75 -299.788
0.8 -233.465
0.85 -171.395
0.9 -112.502
0.95 -55.7237
1 4.94066e-323




------------------
(program exited with code: 0)
Press return to continue
