Digite o valor desejado para 'N'
20 60000
Digite o valor desejado para 'M'
dx = 0,05
dt = 1,66667e-05
O lambda para as condicoes escolhidas e' : 0,00666667

Tempo: 0,1

0 6,9531e-310
0,05 285,179
0,1 572,546
0,15 864,199
0,2 1162,06
0,25 1467,82
0,3 1292,82
0,35 1128,57
0,4 976,18
0,45 836,353
0,5 709,414
0,55 595,312
0,6 493,658
0,65 403,753
0,7 324,639
0,75 255,135
0,8 193,882
0,85 139,379
0,9 90,0241
0,95 44,1389
1 4,94066e-323



Tempo: 0,200017

0 6,9531e-310
0,05 327,078
0,1 654,425
0,15 982,281
0,2 1310,83
0,25 1640,18
0,3 1510,32
0,35 1382,13
0,4 1256,31
0,45 1133,44
0,5 1013,96
0,55 898,142
0,6 786,117
0,65 677,874
0,7 573,268
0,75 472,028
0,8 373,774
0,85 278,028
0,9 184,235
0,95 91,7784
1 4,94066e-323



Tempo: 0,300033

0 6,9531e-310
0,05 319,379
0,1 638,182
0,15 955,817
0,2 1271,66
0,25 1585,04
0,3 1485,25
0,35 1382,96
0,4 1278,76
0,45 1173,18
0,5 1066,69
0,55 959,643
0,6 852,349
0,65 745,032
0,7 637,853
0,75 530,914
0,8 424,261
0,85 317,894
0,9 211,775
0,95 105,84
1 4,94066e-323



Tempo: 0,40005

0 6,9531e-310
0,05 284,826
0,1 568,528
0,15 849,97
0,2 1127,99
0,25 1401,4
0,3 1329,01
0,35 1251,46
0,4 1169,4
0,45 1083,42
0,5 994,04
0,55 901,76
0,6 807,013
0,65 710,191
0,7 611,648
0,75 511,7
0,8 410,631
0,85 308,699
0,9 206,139
0,95 103,171
1 4,94066e-323



Tempo: 0,500067

0 6,9531e-310
0,05 230,865
0,1 460,167
0,15 686,332
0,2 907,765
0,25 1122,84
0,3 1079,98
0,35 1029,87
0,4 973,265
0,45 910,839
0,5 843,239
0,55 771,073
0,6 694,906
0,65 615,272
0,7 532,673
0,75 447,585
0,8 360,46
0,85 271,729
0,9 181,808
0,95 91,0994
1 4,94066e-323



Tempo: 0,600083

0 6,9531e-310
0,05 160,256
0,1 318,55
0,15 472,909
0,2 621,341
0,25 761,825
0,3 752,423
0,35 733,905
0,4 707,118
0,45 672,867
0,5 631,917
0,55 584,994
0,6 532,794
0,65 475,98
0,7 415,189
0,75 351,034
0,8 284,108
0,85 214,985
0,9 144,226
0,95 72,3833
1 4,94066e-323



Tempo: 0,7001

0 6,9531e-310
0,05 74,0288
0,1 145,711
0,15 212,69
0,2 272,591
0,25 323,011
0,3 351,67
0,35 369,418
0,4 377,221
0,45 376,004
0,5 366,655
0,55 350,027
0,6 326,939
0,65 298,182
0,7 264,522
0,75 226,701
0,8 185,443
0,85 141,454
0,9 95,4292
0,95 48,0519
1 4,94066e-323



Tempo: 0,800117

0 6,9531e-310
0,05 -27,4329
0,1 -57,5909
0,15 -93,2085
0,2 -137,039
0,25 -191,864
0,3 -120,29
0,35 -61,3952
0,4 -14,0899
0,45 22,6755
0,5 49,9125
0,55 68,598
0,6 79,6775
0,65 84,0676
0,7 82,6602
0,75 76,3245
0,8 65,911
0,85 52,2544
0,9 36,1765
0,95 18,4897
1 4,94066e-323



Tempo: 0,900133

0 6,9531e-310
0,05 -143,985
0,1 -291,072
0,15 -444,37
0,2 -607,011
0,25 -782,151
0,3 -662,716
0,35 -557,717
0,4 -465,94
0,45 -386,211
0,5 -317,394
0,55 -258,386
0,6 -208,117
0,65 -165,546
0,7 -129,654
0,75 -99,4474
0,8 -73,9491
0,85 -52,1989
0,9 -33,2486
0,95 -16,1597
1 4,94066e-323




------------------
(program exited with code: 0)
Press return to continue

